     0/299      9.4G    0.0541  0.006444   0.01274   0.07329         2       640    0.7197    0.1051   0.05755   0.03175   0.06174  0.007501   0.01327
     1/299     9.38G   0.03278  0.004441  0.007086   0.04431         3       640    0.7909    0.1812    0.1627    0.1066    0.0708  0.006043  0.009835
     2/299     9.38G   0.02831  0.003935  0.004778   0.03702         2       640    0.5805    0.3141    0.2336    0.1533   0.05363  0.006477  0.008767
     3/299     9.38G   0.02585  0.003555  0.004023   0.03343         1       640    0.6851    0.4047    0.3783    0.2834   0.04727  0.006447  0.007536
     4/299     9.38G   0.02472  0.003212  0.003819   0.03175         5       640    0.7874    0.4508     0.487    0.3513   0.04165  0.006375  0.007254
     5/299     9.38G    0.0232  0.003019  0.003573   0.02979         5       640     0.761    0.4831    0.4993     0.367   0.03969  0.006367  0.006656
     6/299     9.38G   0.02257  0.002851  0.003067   0.02849         2       640    0.8249    0.4755    0.5575    0.4177   0.04007  0.005964  0.006147
     7/299     9.38G   0.02221  0.002706  0.002789   0.02771         4       640    0.8444    0.4981    0.6724    0.4427    0.0414  0.005688   0.00496
     8/299     9.38G   0.02174  0.002597  0.002574   0.02691         2       640    0.8498    0.4822    0.6178    0.4629   0.04151  0.005559  0.005096
     9/299     9.38G    0.0216  0.002566  0.002479   0.02665         2       640    0.5047    0.7911    0.7425    0.5474   0.03947   0.00553  0.004181
    10/299     9.38G    0.0211  0.002502  0.002449   0.02605         2       640    0.5193    0.7717    0.7108    0.5158   0.03964  0.005435  0.005072
    11/299     9.38G   0.02129    0.0025  0.002272   0.02606         5       640    0.6933    0.7023    0.7503    0.5479   0.03829  0.005412  0.004104
    12/299     9.38G   0.02085  0.002416  0.002339   0.02561         0       640    0.6436    0.8473    0.8132    0.6229    0.0375   0.00535   0.00451
    13/299     9.38G   0.02078  0.002416  0.002137   0.02534         6       640     0.664    0.8642    0.7897    0.5524   0.03971  0.005099  0.004467
    14/299     9.38G    0.0206  0.002389  0.002207    0.0252         3       640    0.6829    0.8376    0.8138     0.629   0.03766  0.005196  0.003884
    15/299     9.38G   0.02022  0.002333  0.001939   0.02449         3       640    0.8184     0.736    0.8301    0.6445    0.0369  0.005223  0.003804
    16/299     9.38G   0.02032  0.002349  0.002017   0.02469         1       640    0.7684    0.8231    0.8523    0.6337    0.0357  0.005277  0.003778
    17/299     9.38G   0.02049  0.002323  0.002127   0.02494         1       640    0.6821    0.8646    0.8352    0.6422   0.03879  0.005002   0.00381
    18/299     9.38G    0.0199  0.002298  0.001821   0.02402         4       640    0.7778    0.7429    0.8139    0.6409   0.03466  0.005297  0.003857
    19/299     9.38G   0.02002   0.00238  0.002071   0.02447         2       640    0.8254    0.7567    0.8692    0.6944   0.03655  0.005163  0.003811
    20/299     9.38G   0.01983  0.002326  0.001852   0.02401         6       640    0.7598    0.8325    0.8745    0.6874   0.03751   0.00494  0.003701
    21/299     9.38G    0.0196   0.00224  0.001806   0.02364         2       640    0.6948    0.7989    0.8203    0.6356   0.03501  0.005152  0.003838
    22/299     9.38G   0.01987  0.002243  0.001784    0.0239         1       640    0.7932    0.7968    0.8434    0.6771   0.03454  0.005116  0.003628
    23/299     9.38G   0.01937  0.002249   0.00166   0.02327         2       640    0.7209    0.8829    0.8568    0.6816   0.03588   0.00506  0.003534
    24/299     9.38G   0.01932  0.002253  0.001719    0.0233         1       640    0.7302     0.858    0.8555    0.6769   0.03509  0.005074  0.003459
    25/299     9.38G   0.01959  0.002183  0.001737   0.02351         3       640    0.7861    0.8053    0.8563    0.6894   0.03435  0.005069  0.003411
    26/299     9.38G   0.01915  0.002182   0.00164   0.02297         4       640    0.7548    0.8463    0.8717     0.702   0.03351  0.005084  0.003208
    27/299     9.38G   0.01933  0.002182  0.001549   0.02306         3       640    0.7425    0.8347    0.8628    0.6924   0.03397  0.005072  0.003099
    28/299     9.38G   0.01942  0.002151  0.001602   0.02317         5       640    0.7656    0.8218    0.8663    0.7061   0.03391  0.005049  0.003259
    29/299     9.38G   0.01915  0.002197  0.001422   0.02277         5       640    0.7686    0.8551    0.8763    0.7213   0.03448  0.004962  0.003099
    30/299     9.38G   0.01904  0.002127  0.001542   0.02271         4       640    0.7025    0.9026    0.8806    0.7151   0.03462  0.004991  0.003055
    31/299     9.38G   0.01942  0.002155  0.001482   0.02306         6       640    0.7905    0.8759    0.8916    0.7264   0.03391  0.005033  0.003034
    32/299     9.38G   0.01903  0.002122  0.001487   0.02264         2       640    0.7798    0.8287     0.884    0.7257   0.03481  0.005016  0.003224
    33/299     9.38G   0.01915  0.002156  0.001655   0.02296         3       640    0.7902     0.886    0.8837    0.7215    0.0344  0.004993  0.003251
    34/299     9.38G   0.01891  0.002131  0.001486   0.02253         0       640    0.7602    0.8378    0.8734    0.7118   0.03306  0.005053  0.003565
    35/299     9.38G   0.01961  0.002105  0.001578   0.02329         3       640    0.8056    0.7968     0.868    0.7157   0.03229  0.005095  0.003377
    36/299     9.38G   0.01908  0.002094  0.001464   0.02264         1       640    0.7317    0.9066    0.8846    0.7275    0.0327  0.005051  0.003032
    37/299     9.38G   0.01882  0.002153   0.00149   0.02246         0       640    0.7874    0.8778    0.8816    0.7266   0.03219  0.005089  0.002953
    38/299     9.38G   0.01904  0.002111   0.00156   0.02271         2       640    0.7973    0.8695    0.8867    0.7412   0.03181  0.005066  0.002952
    39/299     9.38G   0.01873  0.002106  0.001373   0.02221         1       640    0.7714    0.8668     0.878    0.7294   0.03195  0.005046  0.002993
    40/299     9.38G   0.01896  0.002059  0.001537   0.02256         3       640    0.7584    0.9109    0.8932    0.7409   0.03259  0.004956  0.003012
    41/299     9.38G   0.01831  0.002039   0.00128   0.02162         4       640    0.8163    0.8701    0.8993    0.7452   0.03198  0.005006  0.002893
    42/299     9.38G   0.01879  0.002041  0.001433   0.02226         2       640    0.8385    0.8754    0.9104    0.7673   0.03152  0.005007  0.002839
    43/299     9.38G   0.01854   0.00205  0.001366   0.02195         4       640    0.8398    0.8299    0.9036    0.7596   0.03221  0.004977   0.00284
    44/299     9.38G   0.01849  0.002045  0.001354   0.02189         3       640    0.8244    0.8336     0.897    0.7484   0.03128  0.005069  0.002816
    45/299     9.38G   0.01874  0.002072  0.001445   0.02226         3       640    0.7705     0.873    0.8952    0.7476   0.03172  0.005011  0.002816
    46/299     9.38G   0.01868  0.002067  0.001412   0.02216         4       640    0.8355    0.8263    0.8954    0.7533   0.03155  0.005004  0.002951
    47/299     9.38G   0.01839  0.002013   0.00145   0.02186         3       640    0.7705    0.8792    0.8894    0.7467    0.0315  0.004983  0.002897
    48/299     9.38G   0.01865  0.002036  0.001296   0.02198         0       640    0.7559    0.8811    0.8805    0.7348   0.03123  0.005001  0.002912
    49/299     9.38G   0.01897  0.002047  0.001344   0.02236         2       640    0.7427    0.8976    0.8867    0.7329   0.03147  0.004985  0.002779
    50/299     9.38G   0.01859  0.002039  0.001353   0.02198         3       640    0.7561    0.8719    0.8904     0.745   0.03135  0.004988   0.00279
    51/299     9.38G   0.01853  0.001992  0.001388   0.02191         4       640    0.7523     0.882    0.8836    0.7351   0.03133  0.004976  0.002748
    52/299     9.38G   0.01876  0.002048  0.001315   0.02212         2       640    0.7722    0.8496    0.8807    0.7295   0.03135  0.004958  0.002694
    53/299     9.38G   0.01832  0.001988  0.001282   0.02159         3       640    0.7561    0.8895    0.8831    0.7343   0.03133   0.00495  0.002727
    54/299     9.38G   0.01848  0.002006  0.001308    0.0218         3       640    0.7551     0.892    0.8859    0.7385   0.03129  0.004946  0.002735
    55/299     9.38G   0.01803  0.001997  0.001291   0.02132         2       640    0.7546    0.8772    0.8852     0.744   0.03092  0.004984  0.002737
    56/299     9.38G   0.01823  0.001972  0.001268   0.02147         5       640    0.7396    0.8836    0.8823    0.7452   0.03075  0.004989  0.002733
    57/299     9.38G   0.01823  0.001949   0.00127   0.02145         3       640    0.7373    0.9001    0.8827    0.7479   0.03062  0.004993  0.002719
    58/299     9.38G   0.01783  0.001945  0.001136   0.02091         4       640    0.7783     0.851    0.8797    0.7399   0.03013  0.005033   0.00269
    59/299     9.38G   0.01794  0.001952  0.001244   0.02113         3       640    0.7791     0.847    0.8799     0.735    0.0301  0.005025   0.00271
    60/299     9.77G   0.01819  0.001929  0.001231   0.02135         2       640    0.7772    0.8496    0.8853    0.7425   0.03028  0.004993  0.002739
    61/299     9.71G    0.0181  0.001967  0.001221   0.02128         3       640    0.7197    0.9306    0.8849    0.7398   0.03031  0.004975  0.002732
    62/299     9.71G   0.01795   0.00197  0.001216   0.02114         2       640    0.7592    0.8713    0.8901    0.7467   0.03031  0.004963  0.002724
    63/299     9.71G   0.01782  0.001957  0.001096   0.02087         1       640    0.7679    0.8734    0.8921    0.7497   0.03028  0.004953  0.002724
    64/299     9.71G   0.01781  0.001979  0.001282   0.02107         5       640    0.7604    0.9018    0.8957    0.7531   0.03025  0.004944  0.002703
    65/299     9.71G   0.01752  0.001973  0.001157   0.02065         5       640    0.7627    0.9028    0.8952    0.7542   0.03024  0.004936  0.002679
    66/299     9.71G   0.01772  0.001959  0.001255   0.02094         2       640    0.7744    0.8854     0.892    0.7517   0.03004  0.004941  0.002664
    67/299     9.71G   0.01759  0.001914  0.001196    0.0207         4       640    0.7764    0.8817    0.8934     0.754   0.02993  0.004941  0.002655
    68/299     9.71G   0.01755   0.00193   0.00131   0.02079         2       640    0.7524    0.9152     0.893     0.755   0.02986  0.004943  0.002643
    69/299     9.71G   0.01731  0.001909   0.00123   0.02045         2       640    0.7569    0.9202    0.8929    0.7523   0.02978  0.004945  0.002633
    70/299     9.71G   0.01709  0.001875  0.001123   0.02009         2       640    0.7636    0.9083    0.8943    0.7537   0.02985  0.004931  0.002625
    71/299     9.71G   0.01747  0.001916  0.001243   0.02063         5       640     0.766    0.9014    0.8935    0.7571   0.02982  0.004928  0.002627
    72/299     9.71G   0.01725  0.001873  0.001291   0.02041         0       640    0.7639    0.9019    0.8945    0.7592   0.02975  0.004926  0.002621
    73/299     9.71G   0.01716  0.001886  0.001228   0.02028         6       640    0.7618    0.9015    0.8952    0.7578   0.02972  0.004923  0.002617
    74/299     9.71G   0.01715  0.001884   0.00117    0.0202         3       640    0.7665    0.9013    0.8975     0.763   0.02967  0.004923  0.002606
    75/299     9.71G   0.01685   0.00185  0.001096    0.0198         3       640    0.7703     0.901    0.8985    0.7623   0.02965  0.004923  0.002596
    76/299     9.71G   0.01704  0.001877  0.001086      0.02         1       640    0.7738    0.9004    0.8998    0.7635   0.02966  0.004917   0.00259
    77/299     9.71G    0.0172  0.001853  0.001103   0.02016         1       640    0.7778     0.898       0.9    0.7631   0.02966  0.004914  0.002587
    78/299     9.71G   0.01678  0.001855  0.001062   0.01969         4       640    0.7884    0.8891     0.901    0.7645   0.02965  0.004912  0.002585
    79/299     9.71G   0.01702  0.001867  0.001196   0.02008         2       640    0.7987    0.8874    0.9021    0.7651   0.02963   0.00491  0.002579
    80/299     9.71G   0.01669  0.001843 0.0009832   0.01952         6       640       0.8    0.8864    0.9024    0.7662   0.02964  0.004904  0.002577
    81/299     9.71G   0.01668  0.001804  0.001088   0.01957         2       640    0.8016    0.8862    0.9043    0.7702   0.02961  0.004904  0.002578
    82/299     9.71G   0.01686  0.001831  0.001029   0.01972         1       640    0.8017    0.8855    0.9042    0.7705   0.02958  0.004904  0.002574
    83/299     9.71G   0.01655  0.001818  0.001014   0.01938         2       640    0.8098    0.8857    0.9058    0.7715   0.02959    0.0049   0.00257
    84/299     9.71G   0.01655  0.001848  0.001136   0.01953         1       640     0.806    0.8912    0.9058    0.7694   0.02953  0.004901  0.002566
    85/299     9.71G   0.01677  0.001805  0.001023    0.0196         3       640    0.8033    0.8922    0.9065    0.7702   0.02951  0.004899  0.002558
    86/299     9.71G   0.01631  0.001772  0.000947   0.01903         4       640    0.8098    0.8704    0.9052    0.7702   0.02947  0.004899  0.002553
    87/299     9.71G   0.01656  0.001811  0.001048   0.01942         3       640    0.8137    0.8686     0.905    0.7699   0.02944  0.004899  0.002546
    88/299     9.71G   0.01651  0.001803 0.0009987   0.01931         5       640    0.8087    0.8742    0.9036    0.7691    0.0294    0.0049  0.002536
    89/299     9.71G   0.01653  0.001835 0.0008268   0.01919         5       640    0.8077    0.8751    0.9038    0.7693   0.02936  0.004902  0.002529
    90/299     9.71G   0.01636  0.001769 0.0009902   0.01912         4       640    0.8091    0.8744    0.9033    0.7692   0.02935  0.004902  0.002523
    91/299     9.71G   0.01669  0.001775 0.0009183   0.01938         6       640    0.8101    0.8712    0.9034    0.7689   0.02937    0.0049  0.002515
    92/299     9.71G   0.01626  0.001778 0.0009695     0.019         2       640     0.811    0.8729    0.9031    0.7686   0.02936    0.0049  0.002507
    93/299     9.71G   0.01646  0.001795  0.001065   0.01932         3       640    0.8093    0.8718    0.9035    0.7691   0.02935  0.004899  0.002504
    94/299     9.71G   0.01627  0.001788 0.0009642   0.01902         0       640    0.8106    0.8712    0.9037    0.7695   0.02935  0.004899  0.002503
    95/299     9.71G   0.01684  0.001774   0.00101   0.01962         3       640    0.7924    0.8934    0.9042    0.7698   0.02934  0.004898  0.002498
    96/299     9.71G   0.01646  0.001774  0.001043   0.01928         1       640    0.8099    0.8692     0.904    0.7699   0.02935  0.004897  0.002491
    97/299     9.71G    0.0163  0.001812 0.0009876    0.0191         0       640    0.7835    0.8942    0.9027     0.769   0.02934  0.004897  0.002486
    98/299     9.71G   0.01645   0.00179  0.001068   0.01931         2       640    0.7838    0.8936    0.9028     0.769   0.02934  0.004896  0.002482
    99/299     9.71G     0.016  0.001773 0.0008206    0.0186         1       640    0.8028    0.8718    0.9029    0.7692   0.02932  0.004897  0.002477
   100/299     9.71G   0.01638  0.001758  0.001036   0.01918         3       640    0.8003    0.8747    0.9027    0.7693    0.0293  0.004897  0.002471
   101/299     9.71G   0.01579  0.001737 0.0008619   0.01839         4       640    0.7877    0.8761    0.9023    0.7694   0.02928  0.004897  0.002465
   102/299     9.71G    0.0162  0.001753 0.0009224   0.01887         2       640    0.7841    0.8934    0.9026    0.7699   0.02928  0.004896  0.002458
   103/299     9.71G   0.01628  0.001749 0.0009986   0.01903         4       640    0.7883    0.8902    0.9027    0.7699   0.02929  0.004893  0.002454
   104/299     9.71G   0.01594  0.001769 0.0009041   0.01861         3       640    0.7857     0.891    0.9028    0.7698    0.0293  0.004892  0.002446
   105/299     9.71G   0.01621  0.001755 0.0009023   0.01887         3       640    0.7855    0.8883    0.9032    0.7701    0.0293  0.004891  0.002439
   106/299     9.71G   0.01622  0.001755 0.0008893   0.01886         4       640    0.7806    0.8925    0.9029    0.7725   0.02928  0.004892  0.002434
   107/299     9.71G   0.01592  0.001709 0.0009867   0.01862         3       640    0.7917     0.877    0.9027    0.7726   0.02927  0.004891  0.002427
   108/299     9.71G   0.01607  0.001718 0.0008883   0.01868         0       640    0.8119    0.8493    0.9026    0.7703   0.02927  0.004889  0.002421
   109/299     9.71G   0.01644  0.001749 0.0008752   0.01907         2       640    0.8107    0.8514    0.9028    0.7718   0.02926  0.004889  0.002413
   110/299     9.71G   0.01618  0.001734 0.0008709   0.01879         3       640    0.8114    0.8505    0.9028     0.771   0.02925  0.004889  0.002406
   111/299     9.71G   0.01596  0.001717 0.0009369   0.01861         4       640    0.7873    0.8785    0.9023    0.7713   0.02924  0.004889    0.0024
   112/299     9.71G   0.01626  0.001743 0.0009025    0.0189         2       640    0.7866    0.8784    0.9025    0.7706   0.02924  0.004889  0.002396
   113/299     9.71G   0.01588  0.001706 0.0008814   0.01846         3       640    0.8101    0.8502    0.9024    0.7716   0.02923  0.004891  0.002394
   114/299     9.71G   0.01583  0.001714 0.0008792   0.01842         3       640    0.8118    0.8505    0.9028    0.7742   0.02921  0.004893  0.002388
   115/299     9.71G   0.01581  0.001707 0.0008563   0.01837         2       640    0.8117    0.8509    0.9029    0.7724   0.02918  0.004895  0.002382
   116/299     9.71G   0.01584  0.001697 0.0008667    0.0184         5       640    0.8137    0.8495    0.9027    0.7714   0.02914  0.004898  0.002377
   117/299     9.71G   0.01562  0.001674  0.000841   0.01814         3       640    0.8146    0.8498    0.9027    0.7716    0.0291    0.0049  0.002372
   118/299     9.71G   0.01527  0.001661 0.0008155   0.01775         4       640    0.8137    0.8492    0.9027    0.7719   0.02907  0.004903  0.002366
   119/299     9.71G   0.01562  0.001683 0.0008947    0.0182         3       640    0.8118    0.8514    0.9036    0.7729   0.02904  0.004904  0.002359
   120/299     9.71G   0.01581  0.001677 0.0009197   0.01841         5       640    0.8127     0.851    0.9037    0.7738     0.029  0.004907  0.002354
   121/299     9.71G   0.01595  0.001721  0.001012   0.01868         3       640    0.8124     0.852    0.9039    0.7737   0.02897  0.004911  0.002346
   122/299     9.71G   0.01597  0.001703  0.001031    0.0187         2       640    0.8144    0.8491    0.9027    0.7721   0.02894  0.004913  0.002339
   123/299     9.71G   0.01592  0.001682 0.0009686   0.01857         1       640    0.8139    0.8491    0.9029    0.7718   0.02891  0.004915  0.002332
   124/299     9.71G   0.01618  0.001694  0.001097   0.01897         3       640    0.8138    0.8502    0.9028    0.7728    0.0289  0.004917  0.002326
   125/299     9.71G   0.01613  0.001695  0.001071    0.0189         2       640    0.8042    0.8531    0.9026    0.7721   0.02889  0.004918  0.002319
   126/299     9.71G   0.01609   0.00168  0.001037   0.01881         5       640    0.8046    0.8537    0.9021    0.7712   0.02887   0.00492  0.002315
   127/299     9.71G   0.01594  0.001684  0.001122   0.01875         1       640    0.8033    0.8558    0.9019    0.7698   0.02886  0.004921  0.002309
   128/299     9.71G   0.01583  0.001687  0.001005   0.01852         1       640    0.8031     0.856     0.903    0.7707   0.02883  0.004924  0.002305
   129/299     9.71G   0.01612  0.001684 0.0009228   0.01873         2       640    0.8025    0.8563    0.9028    0.7742   0.02881  0.004926    0.0023
   130/299     9.71G   0.01577  0.001684 0.0009523   0.01841         3       640    0.8013    0.8556    0.9023    0.7738   0.02878  0.004929  0.002294
   131/299     9.71G   0.01608  0.001668 0.0009828   0.01873         3       640    0.7992    0.8572    0.9024    0.7742   0.02875  0.004933  0.002291
   132/299     9.71G   0.01589  0.001672  0.001016   0.01858         2       640    0.7988    0.8572    0.9014    0.7733   0.02872  0.004936  0.002286
   133/299     9.71G   0.01586  0.001708 0.0009596   0.01853         3       640    0.7987    0.8576    0.9014    0.7728   0.02868  0.004938   0.00228
   134/299     9.71G   0.01558   0.00169 0.0009969   0.01827         0       640    0.7991    0.8583    0.9011    0.7725   0.02867  0.004938  0.002276
   135/299     9.71G    0.0157  0.001656 0.0009451    0.0183         2       640     0.799    0.8596     0.901    0.7732   0.02866   0.00494  0.002271
   136/299     9.71G   0.01553   0.00164 0.0009315    0.0181         1       640    0.7988    0.8601     0.901    0.7736   0.02863  0.004942  0.002266
   137/299     9.71G   0.01595  0.001674 0.0009374   0.01857         1       640    0.7994    0.8595    0.9017    0.7746   0.02861  0.004944  0.002259
   138/299     9.71G   0.01542  0.001634   0.00092   0.01797         0       640    0.7992    0.8602    0.9024    0.7753   0.02859  0.004946  0.002253
   139/299     9.71G   0.01571  0.001662   0.00106   0.01843         1       640    0.7995    0.8595    0.9024    0.7753   0.02856  0.004947   0.00225
   140/299     9.71G   0.01551   0.00162 0.0009129   0.01804         1       640    0.7991    0.8593    0.9024    0.7749   0.02854  0.004949  0.002247
   141/299     9.71G   0.01558  0.001682 0.0009934   0.01826         0       640     0.825    0.8302    0.9022    0.7746   0.02851  0.004953  0.002243
   142/299     9.71G   0.01534  0.001674  0.000983     0.018         5       640    0.7967    0.8599    0.9021    0.7752   0.02849  0.004957  0.002239
   143/299     9.71G   0.01544  0.001668  0.001022   0.01813         2       640    0.8235    0.8305    0.9022    0.7745   0.02846  0.004961  0.002236
   144/299     9.71G   0.01564  0.001623 0.0009935   0.01826         2       640    0.8242    0.8307    0.9011    0.7733   0.02843  0.004966  0.002235
   145/299     9.71G   0.01539  0.001654  0.001003   0.01805         5       640    0.8253    0.8303    0.9012    0.7712   0.02838  0.004971  0.002234
   146/299     9.71G   0.01563  0.001644   0.00104   0.01831         4       640    0.8263    0.8299     0.901    0.7711   0.02835  0.004975  0.002231
   147/299     9.71G   0.01534  0.001616 0.0009697   0.01793         3       640    0.8259    0.8303    0.9008    0.7702   0.02832  0.004978  0.002227
   148/299     9.71G   0.01532  0.001593 0.0009248   0.01784         3       640    0.8255    0.8322    0.9009    0.7702   0.02829  0.004982  0.002222
   149/299     9.71G   0.01543  0.001596 0.0009925   0.01802         3       640    0.8267    0.8312     0.901    0.7703   0.02827  0.004986  0.002216
   150/299     9.71G    0.0155  0.001635  0.001084   0.01822         5       640    0.8265     0.831     0.901    0.7704   0.02824  0.004989   0.00221
   151/299     9.71G   0.01548  0.001632 0.0008493   0.01796         5       640    0.8239    0.8348    0.9011    0.7707   0.02821  0.004992  0.002204
   152/299     9.71G   0.01532  0.001626 0.0009033   0.01785         4       640    0.8273    0.8326    0.9013    0.7699   0.02819  0.004996    0.0022
   153/299     9.71G    0.0152  0.001619 0.0007481   0.01757         2       640    0.8277    0.8332    0.9012    0.7706   0.02816     0.005  0.002196
   154/299     9.71G   0.01524   0.00157 0.0009374   0.01775         5       640    0.8295    0.8308    0.9012    0.7692   0.02813  0.005004  0.002192
   155/299     9.71G   0.01506    0.0016 0.0009073   0.01757         7       640    0.8288    0.8296    0.9012    0.7693   0.02811  0.005009  0.002187
   156/299     9.71G   0.01536  0.001643 0.0008742   0.01788         1       640    0.8292    0.8282    0.9013    0.7698   0.02809  0.005013  0.002183
   157/299     9.71G   0.01538  0.001631 0.0009486   0.01796         2       640    0.8236    0.8307    0.9013    0.7695   0.02807  0.005016  0.002177
   158/299     9.71G   0.01491  0.001554 0.0008578   0.01732         2       640    0.8226    0.8313    0.9014    0.7693   0.02806  0.005019  0.002172
   159/299     9.71G   0.01506  0.001588 0.0008667   0.01752         2       640    0.7419    0.9351     0.902    0.7695   0.02803  0.005022  0.002165
   160/299     9.71G   0.01484  0.001573 0.0009238   0.01733         0       640    0.8229    0.8329    0.9027    0.7708   0.02802  0.005025  0.002157
   161/299     9.71G   0.01497  0.001567 0.0008319   0.01736         3       640    0.8226    0.8319    0.9025    0.7703     0.028  0.005028   0.00215
   162/299     9.71G   0.01503  0.001598 0.0008101   0.01744         2       640    0.7845     0.876    0.9029    0.7705   0.02799  0.005032  0.002143
   163/299     9.71G   0.01475  0.001545  0.000902    0.0172         1       640    0.7781    0.8866     0.903     0.771   0.02797  0.005036  0.002139
   164/299     9.71G   0.01502  0.001594 0.0009909   0.01761         3       640     0.779    0.8864    0.9028    0.7708   0.02796   0.00504  0.002133
   165/299     9.71G   0.01471  0.001569 0.0009237    0.0172         1       640    0.7816    0.8862    0.9044    0.7722   0.02794  0.005044  0.002125
   166/299     9.71G   0.01535  0.001617 0.0009047   0.01788         4       640    0.7798    0.8882    0.9044    0.7722   0.02792  0.005048   0.00212
   167/299     9.71G   0.01485  0.001532 0.0009881   0.01737         4       640    0.7874    0.8819    0.9045    0.7723    0.0279  0.005051  0.002114
   168/299     9.71G   0.01507  0.001523 0.0008923   0.01749         1       640    0.7871    0.8816    0.9047    0.7741   0.02788  0.005056  0.002109
   169/299     9.71G   0.01506  0.001588 0.0009562   0.01761         2       640    0.7877    0.8815    0.9046     0.774   0.02786  0.005062  0.002102
   170/299     9.71G   0.01474  0.001536 0.0008314   0.01711         5       640      0.79    0.8802    0.9046    0.7737   0.02783  0.005066  0.002098
   171/299     9.71G   0.01489  0.001556 0.0009033   0.01735         5       640    0.7878    0.8863    0.9045     0.774   0.02781  0.005071  0.002093
   172/299     9.71G   0.01477  0.001542 0.0008491   0.01717         4       640     0.765    0.9198    0.9049    0.7737   0.02779  0.005074  0.002088
   173/299     9.71G   0.01497  0.001562 0.0008729   0.01741         4       640    0.7654    0.9198     0.905    0.7739   0.02778  0.005076  0.002083
   174/299     9.71G   0.01468  0.001546 0.0009624   0.01719         1       640    0.7671    0.9196    0.9049    0.7743   0.02777  0.005079   0.00208
   175/299     9.71G   0.01501  0.001543 0.0007805   0.01734         1       640    0.7674    0.9198    0.9051    0.7746   0.02777  0.005082  0.002074
   176/299     9.71G   0.01466  0.001521 0.0008282   0.01701         1       640    0.7669    0.9189    0.9038    0.7727   0.02776  0.005085  0.002069
   177/299     9.71G    0.0148  0.001536  0.000826   0.01716         2       640      0.77    0.9159    0.9039    0.7725   0.02774  0.005088  0.002065
   178/299     9.71G   0.01518  0.001557 0.0008957   0.01763         5       640    0.7692    0.9165    0.9045    0.7729   0.02772  0.005094   0.00206
   179/299     9.71G   0.01469  0.001535 0.0008571   0.01708         2       640    0.7702    0.9165    0.9044    0.7724   0.02771  0.005097  0.002056
   180/299     9.71G   0.01468  0.001516  0.000904    0.0171         1       640     0.772    0.9164    0.9051    0.7735   0.02769  0.005102  0.002052
   181/299     9.71G   0.01457  0.001522 0.0008187   0.01691         4       640    0.7748     0.915    0.9062    0.7748   0.02767  0.005105  0.002046
   182/299     9.71G   0.01473  0.001527 0.0009289   0.01718         1       640     0.774    0.9153    0.9066    0.7762   0.02766  0.005109  0.002041
   183/299     9.71G   0.01473  0.001541 0.0008612   0.01714         2       640    0.7726     0.915    0.9065    0.7758   0.02765  0.005113  0.002035
   184/299     9.71G   0.01441  0.001512 0.0008712   0.01679         3       640    0.7714    0.9165    0.9061    0.7758   0.02764  0.005116  0.002028
   185/299     9.71G   0.01447    0.0015  0.000964   0.01693         3       640    0.8036    0.8737    0.9059    0.7754   0.02763  0.005121  0.002023
   186/299     9.71G   0.01468  0.001503  0.000809   0.01699         3       640    0.7967    0.8829     0.906    0.7753   0.02763  0.005125  0.002019
   187/299     9.71G   0.01453  0.001512 0.0008887   0.01693         3       640    0.8036    0.8751    0.9053     0.775   0.02762  0.005129  0.002014
   188/299     9.71G   0.01432  0.001507 0.0007938   0.01663         1       640    0.7974    0.8842    0.9045    0.7742   0.02761  0.005132  0.002008
   189/299     9.71G   0.01448  0.001502 0.0008442   0.01683         4       640    0.7972    0.8846     0.905    0.7746    0.0276  0.005135  0.002003
   190/299     9.71G   0.01436  0.001478 0.0007658    0.0166         4       640     0.808    0.8727    0.9053    0.7742    0.0276  0.005139  0.001999
   191/299     9.71G   0.01413  0.001501 0.0008612    0.0165         3       640    0.7975    0.8854    0.9053     0.774    0.0276  0.005141  0.001996
   192/299     9.71G   0.01416  0.001445  0.000813   0.01642         3       640    0.7966    0.8866    0.9055     0.772   0.02761  0.005144  0.001992
   193/299     9.71G   0.01444   0.00147 0.0008964   0.01681         2       640    0.7965     0.887    0.9056     0.772    0.0276  0.005148  0.001988
   194/299     9.71G   0.01409   0.00147 0.0007658   0.01632         2       640     0.809    0.8728    0.9056     0.772    0.0276  0.005153  0.001984
   195/299     9.71G   0.01432  0.001482 0.0008366   0.01664         0       640     0.808    0.8744    0.9061    0.7742   0.02758  0.005157  0.001979
   196/299     9.71G   0.01448  0.001496 0.0008519   0.01683         4       640    0.7961    0.8885    0.9059    0.7738   0.02755  0.005161  0.001974
   197/299     9.71G   0.01428  0.001474 0.0007678   0.01652         1       640    0.7959    0.8889    0.9059    0.7738   0.02754  0.005165  0.001969
   198/299     9.71G   0.01453  0.001497 0.0008225   0.01685         3       640    0.7999    0.8858    0.9059     0.774   0.02751  0.005169  0.001964
   199/299     9.71G   0.01406  0.001463    0.0008   0.01632         3       640    0.8033    0.8845    0.9059    0.7711    0.0275  0.005171  0.001959
   200/299     9.71G   0.01403  0.001444 0.0007825   0.01626         1       640    0.8048     0.882    0.9059    0.7712   0.02748  0.005175  0.001955
   201/299     9.71G   0.01445  0.001471  0.000821   0.01674         4       640    0.8011    0.8851    0.9063    0.7713   0.02747  0.005178  0.001951
   202/299     9.71G    0.0143  0.001452 0.0007893   0.01655         5       640    0.8009    0.8851    0.9062    0.7717   0.02744  0.005182  0.001947
   203/299     9.71G   0.01392  0.001436 0.0007708   0.01613         1       640     0.799    0.8854    0.9077    0.7731   0.02742  0.005188  0.001944
   204/299     9.71G   0.01411  0.001452 0.0009057   0.01647         1       640    0.8419    0.8393    0.9086    0.7736   0.02741  0.005192  0.001941
   205/299     9.71G   0.01401  0.001412 0.0007208   0.01614         5       640    0.8416    0.8395    0.9084    0.7732    0.0274  0.005197  0.001938
   206/299     9.71G   0.01405  0.001428 0.0007193    0.0162         0       640    0.8283    0.8563    0.9085    0.7729    0.0274    0.0052  0.001935
   207/299     9.71G   0.01407   0.00142  0.000758   0.01624         3       640     0.841    0.8398    0.9081    0.7725   0.02739  0.005204  0.001932
   208/299     9.71G   0.01391  0.001415 0.0007162   0.01604         1       640    0.8283    0.8575    0.9083    0.7732   0.02737  0.005208  0.001929
   209/299     9.71G   0.01415  0.001452 0.0008911   0.01649         5       640    0.8398    0.8398    0.9079    0.7726   0.02736  0.005211  0.001926
   210/299     9.71G   0.01401  0.001408 0.0006193   0.01603         2       640     0.829    0.8547    0.9093     0.772   0.02734  0.005215  0.001924
   211/299     9.71G   0.01416  0.001453 0.0007037   0.01631         1       640    0.8386    0.8556    0.9092    0.7735   0.02732  0.005219   0.00192
   212/299     9.71G   0.01402  0.001423 0.0007931   0.01624         4       640    0.8393    0.8552    0.9081    0.7709    0.0273  0.005225  0.001915
   213/299     9.71G   0.01407  0.001431 0.0008015    0.0163         5       640    0.8417    0.8544    0.9072      0.77   0.02729   0.00523  0.001912
   214/299     9.71G   0.01378  0.001435 0.0007129   0.01592         3       640    0.8418     0.855     0.907    0.7696   0.02726  0.005234  0.001907
   215/299     9.71G   0.01385  0.001402 0.0007561   0.01601         4       640    0.8421    0.8557     0.907    0.7701   0.02723  0.005238  0.001903
   216/299     9.71G   0.01375  0.001413 0.0006689   0.01583         2       640    0.8412     0.855    0.9069    0.7702   0.02721  0.005242    0.0019
   217/299     9.71G   0.01384  0.001418 0.0007692   0.01602         4       640     0.839    0.8555    0.9065    0.7716   0.02719  0.005247  0.001896
   218/299     9.71G   0.01385  0.001407 0.0007561   0.01601         3       640    0.8385    0.8556    0.9065    0.7715   0.02717  0.005252  0.001894
   219/299     9.71G   0.01382  0.001394 0.0007455   0.01596         1       640    0.8381    0.8559    0.9063    0.7712   0.02716  0.005256   0.00189
   220/299     9.71G   0.01369  0.001399 0.0006782   0.01577         1       640    0.8377    0.8568    0.9062    0.7714   0.02714   0.00526  0.001886
   221/299     9.71G   0.01384  0.001392 0.0007573   0.01598         2       640     0.837     0.857    0.9062    0.7709   0.02712  0.005264  0.001881
   222/299     9.71G   0.01401  0.001399 0.0006673   0.01608         3       640    0.8358    0.8575    0.9062    0.7706   0.02711  0.005271  0.001878
   223/299     9.71G     0.014  0.001392 0.0007908   0.01618         1       640    0.8355    0.8581    0.9069    0.7714   0.02708  0.005277  0.001873
   224/299     9.71G   0.01362  0.001397 0.0007137   0.01573         4       640    0.8259    0.8609    0.9057    0.7701   0.02707  0.005282  0.001871
   225/299     9.71G   0.01354  0.001358 0.0008336   0.01573         1       640    0.8238    0.8617    0.9058    0.7697   0.02705  0.005287  0.001868
   226/299     9.71G   0.01368  0.001378 0.0007015   0.01576         2       640    0.8212    0.8625    0.9057    0.7692   0.02702  0.005292  0.001866
   227/299     9.71G   0.01356  0.001376 0.0006606   0.01559         0       640     0.819    0.8635    0.9055     0.769     0.027  0.005298  0.001864
   228/299     9.71G   0.01347  0.001375 0.0006499    0.0155         2       640    0.8354    0.8401    0.9045    0.7681   0.02697  0.005303  0.001861
   229/299     9.71G   0.01368  0.001363  0.000718   0.01577         3       640     0.835    0.8404    0.9045     0.768   0.02694  0.005308  0.001858
   230/299     9.71G   0.01346  0.001382  0.000673   0.01551         4       640    0.8352    0.8405    0.9044    0.7674   0.02692  0.005312  0.001855
   231/299     9.71G   0.01365  0.001372 0.0006892   0.01571         3       640    0.8354    0.8404    0.9043    0.7685   0.02689  0.005318  0.001853
   232/299     9.71G   0.01357  0.001344 0.0007399   0.01565         3       640    0.8355    0.8399    0.9043    0.7683   0.02687  0.005324  0.001851
   233/299     9.71G   0.01318   0.00136 0.0007335   0.01527         0       640    0.8353    0.8406    0.9048    0.7684   0.02684  0.005329  0.001849
   234/299     9.71G   0.01373  0.001376 0.0007721   0.01588         2       640    0.8163    0.8637    0.9048    0.7686   0.02681  0.005335  0.001846
   235/299     9.71G    0.0138  0.001372   0.00067   0.01584         3       640    0.8153    0.8641    0.9048    0.7694   0.02679   0.00534  0.001845
   236/299     9.71G   0.01352  0.001365  0.000659   0.01554         1       640    0.8149    0.8634    0.9046    0.7687   0.02677  0.005346  0.001844
   237/299     9.71G   0.01361  0.001333 0.0006121   0.01556         3       640     0.813    0.8661    0.9041    0.7683   0.02674  0.005352   0.00184
   238/299     9.71G   0.01344  0.001359 0.0007328   0.01553         2       640     0.815    0.8652     0.904    0.7682   0.02673  0.005357  0.001836
   239/299     9.71G   0.01346  0.001344  0.000583   0.01538         2       640    0.8148    0.8657    0.9042     0.768   0.02671  0.005362  0.001835
   240/299     9.71G   0.01346  0.001311 0.0006638   0.01543         3       640    0.8141    0.8661    0.9043    0.7683   0.02669  0.005367  0.001834
   241/299     9.71G   0.01334  0.001329 0.0006918   0.01536         3       640    0.8142    0.8662    0.9041     0.768   0.02667  0.005371  0.001832
   242/299     9.71G   0.01338  0.001361  0.000803   0.01554         1       640    0.8127    0.8668    0.9051    0.7688   0.02666  0.005376   0.00183
   243/299     9.71G   0.01324  0.001346 0.0007876   0.01537         3       640    0.8123    0.8662    0.9052    0.7689   0.02665  0.005382  0.001831
   244/299     9.71G   0.01304  0.001351 0.0008022   0.01519         3       640    0.8094    0.8679    0.9053    0.7672   0.02663  0.005387   0.00183
   245/299     9.71G   0.01322  0.001311  0.000658   0.01519         4       640    0.8074    0.8705    0.9052    0.7683   0.02662  0.005393   0.00183
   246/299     9.71G   0.01308  0.001333 0.0007199   0.01513         5       640    0.8078    0.8705    0.9049    0.7682    0.0266  0.005397  0.001827
   247/299     9.71G   0.01325  0.001336 0.0006618   0.01525         3       640    0.8077    0.8705    0.9049    0.7683   0.02658  0.005401  0.001824
   248/299     9.71G   0.01344  0.001345 0.0006994   0.01548         2       640    0.8083    0.8699    0.9048    0.7676   0.02656  0.005406  0.001823
   249/299     9.71G   0.01355  0.001348 0.0007006    0.0156         3       640    0.8076    0.8708    0.9049    0.7675   0.02655  0.005411  0.001822
   250/299     9.71G   0.01342  0.001328  0.000674   0.01542         4       640    0.8093    0.8706    0.9041    0.7669   0.02654  0.005414  0.001819
   251/299     9.71G   0.01349  0.001346 0.0006273   0.01546         1       640    0.8072    0.8708    0.9042    0.7667   0.02653  0.005419  0.001818
   252/299     9.71G   0.01316  0.001326 0.0006202    0.0151         3       640    0.8059    0.8708    0.9041     0.767   0.02651  0.005423  0.001815
   253/299     9.71G   0.01306  0.001301 0.0006132   0.01498         2       640    0.8044    0.8712    0.9042    0.7684   0.02649  0.005428  0.001814
   254/299     9.71G   0.01318  0.001338 0.0006717   0.01519         2       640    0.8004    0.8732    0.9042    0.7686   0.02647  0.005434  0.001812
   255/299     9.71G   0.01325  0.001305 0.0006089   0.01516         3       640    0.7985    0.8748    0.9041    0.7687   0.02645  0.005438  0.001811
   256/299     9.71G   0.01333  0.001333 0.0007256   0.01539         1       640    0.7957    0.8754    0.9039    0.7684   0.02643  0.005443  0.001808
   257/299     9.71G   0.01311  0.001349 0.0007364    0.0152         3       640     0.793    0.8789    0.9039    0.7682   0.02641  0.005447  0.001805
   258/299     9.71G   0.01308  0.001318 0.0007589   0.01516         2       640    0.8077    0.8552    0.9032     0.768   0.02639  0.005452  0.001801
   259/299     9.71G   0.01308  0.001288 0.0006353   0.01501         1       640    0.8082    0.8536    0.9032    0.7682   0.02637  0.005457  0.001798
   260/299     9.71G   0.01295  0.001274 0.0006404   0.01487         5       640    0.8068     0.854    0.9025    0.7668   0.02635  0.005462  0.001797
   261/299     9.71G   0.01302  0.001321 0.0005948   0.01494         1       640    0.8064    0.8531    0.9022    0.7669   0.02634  0.005466  0.001794
   262/299     9.71G   0.01336  0.001316 0.0006729   0.01534         1       640    0.8057    0.8526    0.9024    0.7672   0.02632   0.00547  0.001791
   263/299     9.71G   0.01338  0.001314 0.0006295   0.01532         1       640    0.8035    0.8545    0.9014     0.766    0.0263  0.005475   0.00179
   264/299     9.71G    0.0133  0.001297 0.0005971   0.01519         0       640    0.8036     0.855    0.9013    0.7659   0.02628   0.00548  0.001786
   265/299     9.71G   0.01327  0.001317 0.0007074   0.01529         0       640    0.8011    0.8579    0.9016    0.7661   0.02627  0.005484  0.001783
   266/299     9.71G   0.01307  0.001314 0.0006342   0.01502         1       640    0.8043    0.8551    0.9016    0.7666   0.02625  0.005488   0.00178
   267/299     9.71G   0.01302  0.001318 0.0006215   0.01496         2       640    0.8039    0.8557    0.9011    0.7655   0.02623  0.005493  0.001777
   268/299     9.71G   0.01279  0.001303 0.0005941   0.01469         2       640    0.8005    0.8584    0.9016     0.765   0.02621  0.005498  0.001775
   269/299     9.71G   0.01286  0.001296 0.0007436    0.0149         3       640    0.8004     0.858    0.9015     0.765   0.02619  0.005502  0.001775
   270/299     9.71G   0.01306  0.001312 0.0006119   0.01499         3       640    0.7994    0.8591    0.9006    0.7643   0.02618  0.005506  0.001771
   271/299     9.71G   0.01307  0.001295 0.0006924   0.01505         2       640    0.7976    0.8605    0.9006    0.7645   0.02616   0.00551  0.001766
   272/299     9.71G   0.01286  0.001295 0.0004899   0.01465         2       640    0.7976    0.8597     0.901     0.765   0.02614  0.005515  0.001763
   273/299     9.71G   0.01304  0.001286 0.0005655    0.0149         2       640    0.7954     0.863    0.8996    0.7633   0.02613   0.00552  0.001762
   274/299     9.71G   0.01305  0.001305 0.0007386   0.01509         2       640     0.796    0.8622    0.8978    0.7621   0.02611  0.005524  0.001759
   275/299     9.71G    0.0131  0.001296 0.0006209   0.01502         2       640    0.7952    0.8625    0.8975     0.761    0.0261  0.005528  0.001757
   276/299     9.71G   0.01314  0.001283 0.0007084   0.01513         1       640     0.795    0.8631    0.8977    0.7617   0.02608  0.005533  0.001755
   277/299     9.71G   0.01337  0.001324  0.000762   0.01546         2       640     0.795    0.8634     0.897    0.7606   0.02605  0.005538  0.001751
   278/299     9.71G   0.01293  0.001303 0.0006852   0.01492         6       640     0.795    0.8616    0.8967    0.7605   0.02604  0.005541   0.00175
   279/299     9.71G   0.01313  0.001301 0.0007017   0.01514         5       640    0.7891     0.868    0.8966    0.7602   0.02603  0.005544  0.001747
   280/299     9.71G   0.01307  0.001302 0.0007112   0.01509         4       640     0.793    0.8639    0.8965    0.7601   0.02601  0.005548  0.001742
   281/299     9.71G   0.01268   0.00128 0.0006416    0.0146         5       640    0.7939    0.8638    0.8965    0.7609   0.02599  0.005552  0.001739
   282/299     9.71G    0.0129  0.001277 0.0005749   0.01475         1       640    0.7917    0.8678    0.8961    0.7606   0.02598  0.005555  0.001736
   283/299     9.71G   0.01295  0.001295 0.0005113   0.01476         1       640     0.793     0.867     0.896    0.7604   0.02597  0.005559  0.001732
   284/299     9.71G   0.01316  0.001283 0.0005944   0.01504         1       640    0.7913    0.8682    0.8956    0.7606   0.02596  0.005562  0.001728
   285/299     9.71G   0.01293  0.001266 0.0006426   0.01484         5       640     0.791    0.8682    0.8954    0.7597   0.02594  0.005565  0.001724
   286/299     9.71G   0.01294  0.001263 0.0006428   0.01484         3       640    0.7909    0.8756    0.8952    0.7609   0.02593  0.005569  0.001722
   287/299     9.71G   0.01275  0.001282 0.0006266   0.01466         0       640    0.7912    0.8756    0.8956    0.7601   0.02592  0.005573  0.001718
   288/299     9.71G   0.01276  0.001286 0.0006633   0.01471         1       640    0.7909    0.8763     0.895    0.7607   0.02592  0.005576  0.001714
   289/299     9.71G   0.01285  0.001274 0.0006592   0.01478         0       640    0.7915    0.8751    0.8952    0.7599   0.02591   0.00558   0.00171
   290/299     9.71G   0.01289  0.001275 0.0006216   0.01478         2       640    0.7901    0.8761    0.8947    0.7595    0.0259  0.005584  0.001703
   291/299     9.71G   0.01296  0.001301 0.0005748   0.01484         2       640    0.7896    0.8765    0.8947    0.7589    0.0259  0.005587    0.0017
   292/299     9.71G   0.01283  0.001307 0.0006711   0.01481         6       640    0.7897    0.8761    0.8945    0.7586   0.02589   0.00559  0.001697
   293/299     9.71G   0.01277  0.001277 0.0005855   0.01464         3       640    0.7899    0.8757    0.8947    0.7588   0.02589  0.005592  0.001693
   294/299     9.71G   0.01275  0.001265 0.0006201   0.01463         3       640    0.7887    0.8763    0.8946    0.7587   0.02588  0.005595   0.00169
   295/299     9.71G   0.01284  0.001286 0.0006499   0.01478         0       640    0.7898    0.8738     0.894    0.7582   0.02587  0.005599  0.001687
   296/299     9.71G   0.01295  0.001307 0.0006101   0.01487         2       640      0.79    0.8726    0.8938    0.7573   0.02586  0.005603  0.001687
   297/299     9.71G    0.0125  0.001259 0.0005696   0.01433         1       640    0.7893    0.8736    0.8927    0.7569   0.02585  0.005605  0.001685
   298/299     9.71G   0.01289  0.001259 0.0006299   0.01478         6       640    0.7894    0.8732    0.8926    0.7572   0.02585  0.005608  0.001683
   299/299     9.71G   0.01249  0.001255 0.0005921   0.01434         4       640    0.7896    0.8724    0.8924     0.757   0.02583  0.005612  0.001682
